                      1            2     1   |
                      311    2 1   2     3   |
                      133 7 22 2 3 11    1 1 |
                     131111 11 3 3 13 7 11117|
                    7111111 221141113 1131321|
                    2235411 117111212 4112123|
                    1211121181311151161131422|
                    1133311121212322821171361|
                    7111117312116121113414311|
7 3 1 1 7           ####### ......... #######|
1 1 2 2 1 1         #     # ......... #     #|
1 3 1 3 1 1 3 1     # ### # ......... # ### #|
1 3 1 1 6 1 3 1     # ### # ....##... # ### #|
1 3 1 5 2 1 3 1     # ### # ......... # ### #|
1 1 2 1 1           #     # ......... #     #|
7 1 1 1 1 1 7       ####### # # # # # #######|
3 3                         .........        |
1 2 3 1 1 3 1 1 2   ......##..#...##..#......|
1 1 3 2 1 1         ...... ..................|
4 1 4 2 1 2         ......#..................|
1 1 1 1 1 4 1 3     ...... ..................|
2 1 1 1 2 5         ......#..................|
3 2 2 6 3 1         ...... ..................|
1 9 1 1 2 1         ......#..................|
2 1 2 2 3 1         ...... ..................|
3 1 1 1 1 5 1       ......#....#....#...#....|
1 2 2 5                     .................|
7 1 2 1 1 1 3       ####### .................|
1 1 2 1 2 2 1       #     # .................|
1 3 1 4 5 1         # ### # .................|
1 3 1 3 10 2        # ### # .##....#....##...|
1 3 1 1 6 6         # ### # .................|
1 1 2 1 1 2         #     # .................|
7 2 1 2 5           ####### .................|
